Subtask2Strict_Precision : 0.2659877800407332
Subtask2Strict_Recall : 0.1125667988277883
Subtask2Strict_F1 : 0.15818798449612403
Subtask2Merged_Precision : 0.3411026445540117
Subtask2Merged_Recall : 0.1309585269316813
Subtask2Merged_F1 : 0.18925640387963194
Subtask1_Leak : 0.665422245108136 
Subtask1_Precision : 0.2415902140672783
Subtask1_Recall : 0.10894673332184106
Subtask1_F1 : 0.15017227040513248
