Subtask2Strict_Precision : 0.24444444444444444
Subtask2Strict_Recall : 0.11458333333333333
Subtask2Strict_F1 : 0.15602836879432624
Subtask2Merged_Precision : 0.30952380952380953
Subtask2Merged_Recall : 0.13541666666666666
Subtask2Merged_F1 : 0.18840579710144928
Subtask1_Leak : 0.5414012738853503 
Subtask1_Precision : 0.22448979591836735
Subtask1_Recall : 0.11458333333333333
Subtask1_F1 : 0.15172413793103445
